1
0.99
0.979901
0.969704
0.95941
0.94902
0.938535
0.927957
0.917285
0.906522
0.895668
0.884725
0.873693
0.862574
0.851368
0.840078
0.828703
0.817245
0.805706
0.794086
0.782387
0.77061
0.758755
0.746825
0.73482
0.722741
0.71059
0.698368
0.686077
0.673716
0.661289
0.648795
0.636236
0.623614
0.610929
0.598183
0.585378
0.572514
0.559592
0.546615
0.533583
0.520497
0.50736
0.494172
0.480934
0.467648
0.454316
0.440938
0.427516
0.414051
0.400545
0.386999
0.373414
0.359792
0.346134
0.332441
0.318715
0.304957
0.291169
0.277351
0.263506
0.249634
0.235738
0.221817
0.207875
0.193912
0.179929
0.165929
0.151912
0.13788
0.123833
0.109775
0.0957056
0.0816265
0.0675394
0.0534454
0.0393461
0.0252429
0.0111372
-0.00296967
-0.0170762
-0.0311811
-0.0452828
-0.05938
-0.0734713
-0.0875552
-0.10163
-0.115695
-0.129749
-0.143789
-0.157815
-0.171826
-0.185819
-0.199793
-0.213748
-0.227681
-0.241591
-0.255478
-0.269338
-0.283172
-0.296978
-0.310753
-0.324498
-0.33821
-0.351889
-0.365532
-0.379138
-0.392707
-0.406237
-0.419726
-0.433172
-0.446576
-0.459935
-0.473248
-0.486513
-0.49973
-0.512897
-0.526013
-0.539076
-0.552085
-0.565039
-0.577937
-0.590776
-0.603557
-0.616277
-0.628936
-0.641531
-0.654063
-0.666529
-0.678929
-0.69126
-0.703523
-0.715715
-0.727835
-0.739883
-0.751857
-0.763755
-0.775578
-0.787322
-0.798988
-0.810574
-0.822079
-0.833502
-0.844841
-0.856096
-0.867266
-0.878348
-0.889343
-0.900249
-0.911065
-0.921789
-0.932422
-0.942961
-0.953406
-0.963756
-0.974009
-0.984165
-0.994222
-1.00418
-1.01404
-1.02379
-1.03345
-1.043
-1.05244
-1.06179
-1.07102
-1.08015
-1.08917
-1.09808
-1.10688
-1.11557
-1.12415
-1.13261
-1.14097
-1.14921
-1.15733
-1.16534
-1.17323
-1.181
-1.18866
-1.1962
-1.20362
-1.21091
-1.21809
-1.22514
-1.23208
-1.23889
-1.24557
-1.25213
-1.25857
-1.26487
-1.27106
-1.27711
-1.28304
-1.28884
-1.29451
-1.30005
-1.30546
-1.31075
-1.3159
-1.32091
-1.3258
-1.33055
-1.33517
-1.33966
-1.34401
-1.34823
-1.35232
-1.35626
-1.36008
-1.36375
-1.36729
-1.3707
-1.37396
-1.37709
-1.38008
-1.38294
-1.38565
-1.38823
-1.39067
-1.39297
-1.39513
-1.39715
-1.39903
-1.40077
-1.40237
-1.40383
-1.40515
-1.40633
-1.40736
-1.40826
-1.40902
-1.40964
-1.41011
-1.41044
-1.41064
-1.41069
-1.4106
-1.41037
-1.41
-1.40949
-1.40883
-1.40804
-1.40711
-1.40603
-1.40481
-1.40346
-1.40196
-1.40032
-1.39855
-1.39663
-1.39457
-1.39238
-1.39004
-1.38757
-1.38495
-1.3822
-1.37931
-1.37628
-1.37312
-1.36982
-1.36638
-1.3628
-1.35909
-1.35524
-1.35125
-1.34713
-1.34288
-1.33849
-1.33397
-1.32932
-1.32453
-1.31961
-1.31455
-1.30937
-1.30405
-1.29861
-1.29303
-1.28733
-1.28149
-1.27553
-1.26944
-1.26323
-1.25688
-1.25042
-1.24382
-1.23711
-1.23026
-1.2233
-1.21621
-1.20901
-1.20168
-1.19423
-1.18666
-1.17897
-1.17117
-1.16324
-1.1552
-1.14705
-1.13878
-1.1304
-1.1219
-1.11329
-1.10457
-1.09574
-1.08681
-1.07776
-1.0686
-1.05934
-1.04997
-1.0405
-1.03092
-1.02124
-1.01145
-1.00157
-0.991586
-0.981503
-0.971321
-0.961042
-0.950668
-0.940198
-0.929634
-0.918977
-0.908228
-0.897389
-0.886459
-0.875441
-0.864336
-0.853144
-0.841867
-0.830505
-0.819061
-0.807534
-0.795927
-0.78424
-0.772475
-0.760633
-0.748714
-0.736721
-0.724654
-0.712514
-0.700304
-0.688023
-0.675673
-0.663256
-0.650773
-0.638224
-0.625612
-0.612937
-0.600201
-0.587404
-0.574549
-0.561637
-0.548668
-0.535645
-0.522568
-0.509438
-0.496258
-0.483028
-0.46975
-0.456425
-0.443054
-0.429639
-0.416181
-0.402681
-0.389142
-0.375563
-0.361946
-0.348294
-0.334606
-0.320885
-0.307132
-0.293349
-0.279536
-0.265695
-0.251827
-0.237934
-0.224018
-0.210079
-0.196119
-0.182139
-0.168142
-0.154127
-0.140097
-0.126053
-0.111996
-0.0979286
-0.083851
-0.069765
-0.055672
-0.0415735
-0.0274708
-0.0133654
0.000741386
0.0148481
0.0289533
0.0430556
0.0571536
0.0712459
0.0853311
0.0994077
0.113474
0.12753
0.141572
0.155601
0.169614
0.18361
0.197587
0.211545
0.225482
0.239396
0.253286
0.267151
0.280989
0.294799
0.308579
0.322329
0.336046
0.34973
0.363379
0.376992
0.390567
0.404102
0.417598
0.431051
0.444462
0.457828
0.471148
0.484421
0.497646
0.510821
0.523945
0.537016
0.550034
0.562997
0.575903
0.588752
0.601542
0.614272
0.62694
0.639546
0.652088
0.664564
0.676975
0.689317
0.70159
0.713794
0.725926
0.737985
0.749971
0.761881
0.773715
0.785472
0.797151
0.80875
0.820267
0.831703
0.843056
0.854324
0.865507
0.876604
0.887612
0.898532
0.909362
0.920101
0.930749
0.941303
0.951763
0.962127
0.972396
0.982567
0.99264
1.00261
1.01249
1.02226
1.03193
1.0415
1.05096
1.06032
1.06957
1.07871
1.08775
1.09668
1.1055
1.1142
1.1228
1.13128
1.13966
1.14791
1.15605
1.16408
1.17199
1.17978
1.18746
1.19502
1.20245
1.20977
1.21696
1.22404
1.23099
1.23782
1.24452
1.2511
1.25756
1.26389
1.27009
1.27617
1.28211
1.28793
1.29362
1.29919
1.30462
1.30992
1.31509
1.32013
1.32504
1.32981
1.33445
1.33896
1.34333
1.34757
1.35168
1.35565
1.35948
1.36318
1.36674
1.37017
1.37346
1.37661
1.37962
1.3825
1.38523
1.38783
1.39029
1.39261
1.39479
1.39684
1.39874
1.4005
1.40212
1.40361
1.40495
1.40615
1.40721
1.40813
1.40891
1.40955
1.41005
1.4104
1.41062
1.41069
1.41062
1.41042
1.41007
1.40958
1.40895
1.40818
1.40726
1.40621
1.40502
1.40368
1.40221
1.40059
1.39884
1.39694
1.39491
1.39273
1.39042
1.38797
1.38537
1.38265
1.37978
1.37677
1.37363
1.37035
1.36693
1.36337
1.35968
1.35585
1.35189
1.34779
1.34356
1.33919
1.33469
1.33006
1.32529
1.32039
1.31536
1.3102
1.3049
1.29948
1.29392
1.28824
1.28242
1.27648
1.27041
1.26422
1.2579
1.25145
1.24487
1.23818
1.23135
1.22441
1.21734
1.21015
1.20284
1.19541
1.18786
1.18019
1.17241
1.1645
1.15648
1.14835
1.14009
1.13173
1.12325
1.11466
1.10596
1.09715
1.08822
1.07919
1.07005
1.06081
1.05146
1.042
1.03244
1.02277
1.01301
1.00314
0.99317
0.983102
0.972936
0.962672
0.952313
0.941858
0.931309
0.920666
0.909932
0.899107
0.888192
0.877188
0.866096
0.854917
0.843654
0.832305
0.820874
0.80936
0.797766
0.786092
0.774339
0.762508
0.750602
0.73862
0.726565
0.714437
0.702237
0.689967
0.677628
0.665222
0.652749
0.64021
0.627608
0.614943
0.602216
0.589429
0.576584
0.56368
0.55072
0.537706
0.524637
0.511516
0.498343
0.485121
0.471851
0.458533
0.445169
0.431761
0.41831
0.404817
0.391283
0.37771
0.364099
0.350453
0.33677
0.323055
0.309307
0.295528
0.281719
0.267883
0.254019
0.24013
0.226218
0.212282
0.198325
0.184349
0.170354
0.156342
0.142314
0.128272
0.114218
0.100151
0.0860752
0.0719905
0.0578985
0.0438008
0.0296986
0.0155936
0.0014869
-0.0126199
-0.0267254
-0.0408283
-0.0549271
-0.0690204
-0.0831068
-0.0971849
-0.111253
-0.12531
-0.139355
-0.153386
-0.167401
-0.1814
-0.195381
-0.209342
-0.223282
-0.237199
-0.251093
-0.264962
-0.278805
-0.292619
-0.306405
-0.320159
-0.333882
-0.347571
-0.361226
-0.374844
-0.388425
-0.401967
-0.415469
-0.428929
-0.442346
-0.45572
-0.469047
-0.482328
-0.49556
-0.508743
-0.521875
-0.534955
-0.547981
-0.560953
-0.573868
-0.586726
-0.599526
-0.612265
-0.624943
-0.637559
-0.650111
-0.662598
-0.675019
-0.687372
-0.699656
-0.711871
-0.724014
-0.736085
-0.748082
-0.760005
-0.771851
-0.783621
-0.795311
-0.806923
-0.818454
-0.829902
-0.841268
-0.85255
-0.863747
-0.874857
-0.885879
-0.896813
-0.907658
-0.918411
-0.929073
-0.939642
-0.950117
-0.960497
-0.97078
-0.980967
-0.991056
-1.00105
-1.01093
-1.02072
-1.03041
-1.03999
-1.04947
-1.05885
-1.06811
-1.07728
-1.08633
-1.09528
-1.10411
-1.11284
-1.12145
-1.12995
-1.13834
-1.14662
-1.15478
-1.16282
-1.17075
-1.17856
-1.18625
-1.19383
-1.20129
-1.20862
-1.21584
-1.22293
-1.2299
-1.23675
-1.24347
-1.25007
-1.25655
-1.2629
-1.26912
-1.27521
-1.28118
-1.28702
-1.29273
-1.29832
-1.30377
-1.30909
-1.31428
-1.31934
-1.32427
-1.32907
-1.33373
-1.33826
-1.34265
-1.34691
-1.35104
-1.35503
-1.35889
-1.36261
-1.36619
-1.36964
-1.37295
-1.37612
-1.37915
-1.38205
-1.38481
-1.38743
-1.38991
-1.39226
-1.39446
-1.39652
-1.39845
-1.40023
-1.40188
-1.40338
-1.40475
-1.40597
-1.40705
-1.40799
-1.4088
-1.40946
-1.40998
-1.41035
-1.41059
-1.41069
-1.41064
-1.41046
-1.41013
-1.40966
-1.40906
-1.40831
-1.40742
-1.40638
-1.40521
-1.4039
-1.40245
-1.40086
-1.39912
-1.39725
-1.39524
-1.39308
-1.39079
-1.38836
-1.38579
-1.38309
-1.38024
-1.37725
-1.37413
-1.37087
-1.36748
-1.36394
-1.36027
-1.35647
-1.35253
-1.34845
-1.34424
-1.33989
-1.33541
-1.3308
-1.32605
-1.32117
-1.31616
-1.31102
-1.30575
-1.30034
-1.29481
-1.28914
-1.28335
-1.27743
-1.27138
-1.2652
-1.2589
-1.25247
-1.24592
-1.23924
-1.23244
-1.22551
-1.21847
-1.2113
-1.204
-1.19659
-1.18906
-1.18141
-1.17364
-1.16576
-1.15776
-1.14964
-1.14141
-1.13306
-1.1246
-1.11603
-1.10734
-1.09855
-1.08964
-1.08063
-1.07151
-1.06228
-1.05294
-1.0435
-1.03396
-1.02431
-1.01456
-1.0047
-0.994751
-0.984699
-0.974548
-0.9643
-0.953955
-0.943516
-0.932981
-0.922354
-0.911634
-0.900823
-0.889922
-0.878932
-0.867854
-0.856689
-0.845438
-0.834103
-0.822685
-0.811184
-0.799603
-0.787941
-0.7762
-0.764382
-0.752488
-0.740518
-0.728474
-0.716357
-0.704169
-0.69191
-0.679582
-0.667186
-0.654723
-0.642195
-0.629603
-0.616948
-0.604231
-0.591453
-0.578617
-0.565722
-0.552771
-0.539765
-0.526705
-0.513592
-0.500427
-0.487213
-0.47395
-0.46064
-0.447283
-0.433882
-0.420437
-0.406951
-0.393423
-0.379857
-0.366252
-0.35261
-0.338934
-0.325223
-0.31148
-0.297706
