1
1.0099
1.0197
1.0294
1.03899
1.04848
1.05787
1.06715
1.07632
1.08538
1.09434
1.10319
1.11192
1.12055
1.12906
1.13746
1.14575
1.15392
1.16198
1.16992
1.17775
1.18545
1.19304
1.20051
1.20786
1.21508
1.22219
1.22917
1.23603
1.24277
1.24938
1.25587
1.26223
1.26847
1.27458
1.28056
1.28641
1.29214
1.29774
1.3032
1.30854
1.31374
1.31882
1.32376
1.32857
1.33324
1.33779
1.3422
1.34647
1.35061
1.35462
1.35849
1.36222
1.36582
1.36928
1.37261
1.37579
1.37884
1.38175
1.38453
1.38716
1.38966
1.39202
1.39423
1.39631
1.39825
1.40005
1.40171
1.40323
1.40461
1.40585
1.40694
1.4079
1.40872
1.40939
1.40993
1.41032
1.41057
1.41069
1.41066
1.41048
1.41017
1.40972
1.40913
1.40839
1.40752
1.4065
1.40534
1.40405
1.40261
1.40103
1.39931
1.39745
1.39545
1.39332
1.39104
1.38862
1.38607
1.38338
1.38054
1.37758
1.37447
1.37122
1.36784
1.36432
1.36067
1.35687
1.35295
1.34889
1.34469
1.34036
1.33589
1.33129
1.32656
1.32169
1.3167
1.31157
1.30631
1.30092
1.2954
1.28975
1.28397
1.27806
1.27202
1.26586
1.25957
1.25316
1.24661
1.23995
1.23316
1.22625
1.21921
1.21206
1.20478
1.19738
1.18986
1.18222
1.17447
1.16659
1.1586
1.1505
1.14228
1.13394
1.12549
1.11693
1.10826
1.09948
1.09058
1.08158
1.07247
1.06325
1.05393
1.0445
1.03496
1.02533
1.01559
1.00574
0.995802
0.98576
0.97562
0.965382
0.955047
0.944617
0.934093
0.923475
0.912765
0.901963
0.891072
0.880091
0.869022
0.857866
0.846625
0.835299
0.823889
0.812397
0.800824
0.78917
0.777438
0.765628
0.753741
0.741779
0.729743
0.717634
0.705453
0.693202
0.680881
0.668492
0.656036
0.643515
0.63093
0.618281
0.60557
0.592799
0.579969
0.56708
0.554135
0.541135
0.52808
0.514972
0.501814
0.488604
0.475346
0.462041
0.448689
0.435293
0.421852
0.40837
0.394847
0.381284
0.367684
0.354046
0.340373
0.326666
0.312926
0.299156
0.285355
0.271525
0.257669
0.243786
0.22988
0.21595
0.201999
0.188027
0.174037
0.160029
0.146006
0.131967
0.117916
0.103853
0.0897791
0.0756964
0.0616062
0.0475099
0.0334088
0.0193043
0.00519795
-0.00890895
-0.023015
-0.0371187
-0.0512187
-0.0653135
-0.0794019
-0.0934823
-0.107553
-0.121614
-0.135662
-0.149696
-0.163716
-0.177719
-0.191705
-0.205671
-0.219617
-0.23354
-0.247441
-0.261316
-0.275166
-0.288988
-0.302781
-0.316544
-0.330275
-0.343973
-0.357637
-0.371265
-0.384856
-0.398408
-0.411921
-0.425392
-0.438821
-0.452206
-0.465546
-0.478839
-0.492084
-0.50528
-0.518426
-0.531519
-0.54456
-0.557546
-0.570476
-0.58335
-0.596164
-0.60892
-0.621614
-0.634247
-0.646815
-0.65932
-0.671758
-0.684129
-0.696431
-0.708664
-0.720827
-0.732917
-0.744933
-0.756876
-0.768742
-0.780532
-0.792244
-0.803876
-0.815428
-0.826899
-0.838286
-0.84959
-0.860809
-0.871942
-0.882988
-0.893946
-0.904814
-0.915591
-0.926277
-0.936871
-0.94737
-0.957775
-0.968084
-0.978297
-0.988411
-0.998427
-1.00834
-1.01816
-1.02787
-1.03748
-1.04699
-1.05639
-1.06569
-1.07488
-1.08396
-1.09293
-1.1018
-1.11055
-1.11919
-1.12773
-1.13614
-1.14445
-1.15264
-1.16072
-1.16868
-1.17652
-1.18424
-1.19185
-1.19934
-1.2067
-1.21395
-1.22107
-1.22808
-1.23496
-1.24171
-1.24835
-1.25486
-1.26124
-1.26749
-1.27362
-1.27962
-1.2855
-1.29124
-1.29686
-1.30235
-1.3077
-1.31293
-1.31802
-1.32299
-1.32782
-1.33251
-1.33708
-1.34151
-1.34581
-1.34997
-1.35399
-1.35789
-1.36164
-1.36526
-1.36874
-1.37209
-1.3753
-1.37837
-1.3813
-1.3841
-1.38676
-1.38927
-1.39165
-1.39389
-1.39599
-1.39796
-1.39978
-1.40146
-1.403
-1.4044
-1.40566
-1.40678
-1.40776
-1.4086
-1.4093
-1.40985
-1.41027
-1.41054
-1.41068
-1.41067
-1.41052
-1.41023
-1.4098
-1.40923
-1.40852
-1.40766
-1.40667
-1.40553
-1.40426
-1.40284
-1.40129
-1.39959
-1.39776
-1.39578
-1.39366
-1.39141
-1.38902
-1.38648
-1.38381
-1.381
-1.37805
-1.37497
-1.37174
-1.36838
-1.36489
-1.36125
-1.35748
-1.35358
-1.34954
-1.34536
-1.34105
-1.33661
-1.33203
-1.32732
-1.32247
-1.31749
-1.31239
-1.30715
-1.30178
-1.29628
-1.29065
-1.28489
-1.279
-1.27298
-1.26684
-1.26057
-1.25418
-1.24766
-1.24101
-1.23424
-1.22735
-1.22033
-1.21319
-1.20593
-1.19855
-1.19105
-1.18344
-1.1757
-1.16784
-1.15987
-1.15179
-1.14358
-1.13527
-1.12683
-1.11829
-1.10964
-1.10087
-1.09199
-1.08301
-1.07392
-1.06471
-1.05541
-1.04599
-1.03648
-1.02686
-1.01713
-1.00731
-0.997379
-0.987353
-0.977228
-0.967005
-0.956686
-0.946271
-0.935762
-0.925158
-0.914463
-0.903676
-0.892798
-0.881831
-0.870776
-0.859634
-0.848406
-0.837093
-0.825697
-0.814218
-0.802657
-0.791016
-0.779296
-0.767499
-0.755624
-0.743674
-0.731649
-0.719552
-0.707382
-0.695142
-0.682832
-0.670454
-0.658008
-0.645497
-0.632922
-0.620283
-0.607582
-0.59482
-0.581999
-0.56912
-0.556184
-0.543192
-0.530146
-0.517046
-0.503895
-0.490694
-0.477444
-0.464146
-0.450801
-0.437412
-0.423978
-0.410502
-0.396986
-0.383429
-0.369834
-0.356203
-0.342535
-0.328833
-0.315099
-0.301333
-0.287537
-0.273712
-0.259859
-0.245981
-0.232078
-0.218152
-0.204204
-0.190236
-0.176248
-0.162243
-0.148222
-0.134186
-0.120136
-0.106075
-0.0920027
-0.0779214
-0.0638323
-0.0497368
-0.0356364
-0.0215324
-0.00742621
0.0066807
0.0207869
0.0348911
0.0489918
0.0630876
0.077177
0.0912588
0.105331
0.119393
0.133444
0.14748
0.161503
0.175508
0.189497
0.203466
0.217415
0.231343
0.245247
0.259126
0.27298
0.286807
0.300604
0.314372
0.328108
0.341812
0.355481
0.369115
0.382712
0.39627
0.409789
0.423267
0.436703
0.450095
0.463442
0.476742
0.489995
0.503199
0.516353
0.529455
0.542504
0.555498
0.568438
0.58132
0.594144
0.606909
0.619613
0.632255
0.644834
0.657349
0.669798
0.682179
0.694493
0.706737
0.71891
0.731012
0.74304
0.754994
0.766873
0.778675
0.790399
0.802044
0.813609
0.825092
0.836493
0.84781
0.859043
0.87019
0.881249
0.892221
0.903103
0.913895
0.924595
0.935204
0.945718
0.956138
0.966462
0.97669
0.98682
0.996852
1.00678
1.01661
1.02634
1.03597
1.04549
1.05491
1.06423
1.07343
1.08253
1.09152
1.1004
1.10918
1.11784
1.12639
1.13482
1.14315
1.15135
1.15945
1.16743
1.17529
1.18303
1.19066
1.19816
1.20555
1.21281
1.21996
1.22698
1.23388
1.24066
1.24731
1.25384
1.26024
1.26651
1.27266
1.27869
1.28458
1.29035
1.29598
1.30149
1.30687
1.31211
1.31723
1.32221
1.32706
1.33178
1.33637
1.34082
1.34514
1.34932
1.35337
1.35728
1.36106
1.3647
1.3682
1.37157
1.3748
1.37789
1.38085
1.38367
1.38635
1.38889
1.39129
1.39355
1.39567
1.39765
1.3995
1.4012
1.40277
1.40419
1.40547
1.40661
1.40761
1.40848
1.4092
1.40977
1.41021
1.41051
1.41067
1.41068
1.41055
1.41029
1.40988
1.40933
1.40864
1.40781
1.40684
1.40572
1.40447
1.40308
1.40154
1.39987
1.39806
1.3961
1.39401
1.39178
1.3894
1.38689
1.38424
1.38145
1.37853
1.37546
1.37226
1.36892
1.36545
1.36184
1.35809
1.3542
1.35018
1.34603
1.34174
1.33732
1.33276
1.32807
1.32325
1.31829
1.3132
1.30798
1.30263
1.29715
1.29154
1.28581
1.27994
1.27394
1.26782
1.26157
1.2552
1.24869
1.24207
1.23532
1.22844
1.22145
1.21433
1.20709
1.19973
1.19225
1.18465
1.17693
1.16909
1.16114
1.15307
1.14489
1.13659
1.12817
1.11965
1.11101
1.10226
1.0934
1.08444
1.07536
1.06617
1.05688
1.04749
1.03799
1.02838
1.01867
1.00886
0.998954
0.988943
0.978834
0.968627
0.958322
0.947923
0.937428
0.926839
0.916158
0.905385
0.894522
0.883569
0.872528
0.8614
0.850185
0.838886
0.827503
0.816036
0.804489
0.79286
0.781153
0.769367
0.757505
0.745566
0.733554
0.721467
0.709309
0.69708
0.684781
0.672413
0.659979
0.647478
0.634912
0.622283
0.609592
0.59684
0.584028
0.571158
0.558231
0.545248
0.53221
0.519119
0.505976
0.492783
0.47954
0.466249
0.452912
0.439529
0.426103
0.412634
0.399123
0.385573
0.371984
0.358358
0.344696
0.331
0.31727
0.303509
0.289718
0.275897
0.262049
0.248175
0.234276
0.220353
0.206408
0.192443
0.178459
0.164456
0.150438
0.136404
0.122356
0.108297
0.0942261
0.0801462
0.0660582
0.0519637
0.0378639
0.0237604
0.00965445
-0.00445244
-0.0185589
-0.0326635
-0.0467648
-0.0608614
-0.074952
-0.0890351
-0.103109
-0.117173
-0.131225
-0.145264
-0.159289
-0.173297
-0.187288
-0.201261
-0.215213
-0.229144
-0.243052
-0.256936
-0.270794
-0.284625
-0.298427
-0.312199
-0.325941
-0.33965
-0.353324
-0.366964
-0.380566
-0.394131
-0.407656
-0.421141
-0.434583
-0.447982
-0.461336
-0.474644
-0.487905
-0.501117
-0.514278
-0.527389
-0.540446
-0.553449
-0.566398
-0.579289
-0.592122
-0.604897
-0.617611
-0.630263
-0.642852
-0.655376
-0.667836
-0.680228
-0.692552
-0.704808
-0.716992
-0.729105
-0.741145
-0.753111
-0.765002
-0.776816
-0.788552
-0.80021
-0.811787
-0.823284
-0.834698
-0.846028
-0.857274
-0.868435
-0.879508
-0.890494
-0.90139
-0.912196
-0.922911
-0.933534
-0.944063
-0.954498
-0.964838
-0.975081
-0.985227
-0.995274
-1.00522
-1.01507
-1.02481
-1.03446
-1.044
-1.05343
-1.06276
-1.07198
-1.0811
-1.09011
-1.09901
-1.1078
-1.11648
-1.12504
-1.1335
-1.14184
-1.15007
-1.15818
-1.16617
-1.17405
-1.18181
-1.18946
-1.19698
-1.20439
-1.21167
-1.21884
-1.22588
-1.2328
-1.23959
-1.24627
-1.25281
-1.25923
-1.26553
-1.2717
-1.27774
-1.28366
-1.28944
-1.2951
-1.30063
-1.30603
-1.31129
-1.31643
-1.32143
-1.32631
-1.33104
-1.33565
-1.34012
-1.34446
-1.34867
-1.35274
-1.35667
-1.36047
-1.36413
-1.36766
-1.37105
-1.3743
-1.37741
-1.38039
